0 0.092958 0.514085 0.140845 0.577465
0 0.169014 0.271127 0.140845 0.471831
0 0.357746 0.327465 0.214085 0.528169
0 0.481690 0.260563 0.140845 0.323944
0 0.430986 0.781690 0.219718 0.352113
0 0.567606 0.521127 0.194366 0.197183
0 0.608451 0.348592 0.123944 0.373239
0 0.661972 0.144366 0.202817 0.161972
0 0.840845 0.098592 0.177465 0.183099
0 0.881690 0.440141 0.208451 0.232394
0 0.752113 0.711268 0.152113 0.394366
0 0.898592 0.746479 0.118310 0.394366
0 0.211268 0.915493 0.163380 0.140845
0 0.826761 0.880282 0.087324 0.239437
